 185.812500 
 185.226562 
 175.554688 
 188.125000 
 161.976562 
 139.343750 
 144.500000 
 154.617188 
 147.062500 
 127.273438 
 126.671875 
 124.078125 
 158.320312 
 167.445312 
 142.539062 
 114.828125 
 137.484375 
 138.695312 
 159.734375 
 149.476562 
 148.796875 
 121.281250 
 141.007812 
 169.960938 
 179.312500 
 172.671875 
 197.015625 
 182.421875 
 175.593750 
 133.656250 
 155.304688 
 146.812500 
 136.242188 
 128.750000 
 172.007812 
 159.492188 
 148.468750 
 142.546875 
 175.734375 
 156.976562 
 153.906250 
 120.328125 
 154.031250 
 51.664062 
 33.445312 
 50.007812 
 88.421875 
 78.718750 
 83.117188 
 102.406250 
 90.914062 
 114.554688 
 101.671875 
 103.914062 
 106.343750 
 81.507812 
 92.281250 
 68.390625 
 66.187500 
 92.476562 
 152.460938 
 148.078125 
 139.562500 
 174.726562 
 174.421875 
 171.320312 
 197.335938 
 172.867188 
 184.648438 
 168.359375 
 180.687500 
 165.320312 
 138.281250 
 136.468750 
 138.476562 
 137.726562 
 133.000000 
 134.679688 
 138.484375 
 144.218750 
 130.609375 
 138.679688 
 137.796875 
 128.015625 
 141.140625 
 132.492188 
 117.968750 
 147.609375 
 174.023438 
 156.226562 
 176.906250 
 174.953125 
 159.187500 
 169.421875 
 140.117188 
 132.664062 
 130.921875 
 138.718750 
 141.843750 
 132.968750 
 143.929688 
 141.914062 
 130.140625 
 140.351562 
 138.546875 
 127.429688 
 140.156250 
 138.148438 
 137.070312 
 138.429688 
 129.546875 
 64.585938 
 0.000000 
 0.000000 
 0.000000 
 0.000000 
 0.000000 
 0.000000 
 0.000000 
 0.000000 
 0.000000 
 0.000000 
 0.000000 
 0.000000 
 0.000000 
 0.000000 
 0.000000 
 0.000000 
 0.000000 
 0.000000 
 0.000000 
 0.000000 
 0.000000 
 0.000000 
 0.000000 
 0.000000 
 0.000000 
 0.000000 
 0.000000 
 0.000000 
 0.000000 
 0.000000 
 0.000000 
 0.000000 
 0.000000 
 0.000000 
 0.000000 
 0.000000 
 0.000000 
 0.000000 
 0.000000 
 0.000000 
 0.000000 
 0.000000 
 0.000000 
 0.000000 
 0.000000 
 0.000000 
 0.000000 
 0.000000 
 0.000000 
 0.000000 
 0.000000 
 0.000000 
 0.000000 
 0.000000 
 0.000000 
 0.000000 
 0.000000 
 0.000000 
 0.000000 
 0.000000 
 0.000000 
 0.000000 
 0.000000 
 0.000000 
 0.000000 
 0.000000 
 0.000000 
 0.000000 
 0.000000 
 0.000000 
 0.000000 
 0.000000 
 0.000000 
 0.000000 
 0.000000 
 0.000000 
 0.000000 
 0.000000 
 0.000000 
 0.000000 
 0.000000 
 0.000000 
 0.000000 
 0.000000 
 0.000000 
 0.000000 
 0.000000 
 0.000000 
 0.000000 
 0.000000 
 0.000000 
 0.000000 
 0.000000 
 0.000000 
 0.000000 
 0.000000 
 0.000000 
 0.000000 
 0.000000 
 0.000000 
 0.000000 
 0.000000 
 0.000000 
 0.000000 
 0.000000 
 0.000000 
 0.000000 
 0.000000 
 0.000000 
 0.000000 
 0.000000 
 0.000000 
 0.000000 
 0.000000 
 0.000000 
 0.000000 
 0.000000 
 0.000000 
 0.000000 
 0.000000 
 0.000000 
 0.000000 
 0.000000 
 0.000000 
 0.000000 
 0.000000 
 0.000000 
 0.000000 
 0.000000 
 0.000000 
 0.000000 
 0.000000 
 0.000000 
 0.000000 
 0.000000 
 0.000000 
 0.000000 
 0.000000 
 0.000000 
 0.000000 
 0.000000 
 0.000000 
 0.000000 
 0.000000 
 0.000000 
 0.000000 
 0.000000 
 0.000000 
 0.000000 
 0.000000 
 0.000000 
 0.000000 
 0.000000 
 0.000000 
 0.000000 
 0.000000 
 0.000000 
 0.000000 
 0.000000 
 0.000000 
 0.000000 
 0.000000 
 0.000000 
 0.000000 
 0.000000 
 0.000000 
 0.000000 
 0.000000 
 0.000000 
 0.000000 
 0.000000 
 0.000000 
 0.000000 
 0.000000 
 0.000000 
 0.000000 
 0.000000 
 0.000000 
 0.000000 
 0.000000 
 0.000000 
 0.000000 
 0.000000 
 0.000000 
 0.000000 
 0.000000 
 0.000000 
 0.000000 
 0.000000 
 0.000000 
 0.000000 
 0.000000 
 0.000000 
 0.000000 
 0.000000 
 0.000000 
 0.000000 
 0.000000 
 0.000000 
 0.000000 
 0.000000 
 0.000000 
 0.000000 
 0.000000 
 0.000000 
 0.000000 
 0.000000 
 0.000000 
 0.000000 
 0.000000 
 0.000000 
 0.000000 
 0.000000 
 0.000000 
 0.000000 
 0.000000 
 0.000000 
 0.000000 
 0.000000 
 0.000000 
 0.000000 
 0.000000 
 0.000000 
 0.000000 
 0.000000 
 0.000000 
 0.000000 
 0.000000 
 0.000000 
 0.000000 
 0.000000 
 0.000000 
 0.000000 
 0.000000 
 0.000000 
 0.000000 
 0.000000 
 0.000000 
 0.000000 
 0.000000 
 0.000000 
 0.000000 
 0.000000 
 0.000000 
 0.000000 
 0.000000 
 0.000000 
 0.000000 
 0.000000 
 0.000000 
 0.000000 
 0.000000 
 0.000000 
 0.000000 
 0.000000 
 0.000000 
 0.000000 
 0.000000 
 0.000000 
 0.000000 
 0.000000 
 0.000000 
 0.000000 
 0.000000 
 0.000000 
 0.000000 
 0.000000 
 0.000000 
 0.000000 
 0.000000 
 0.000000 
 0.000000 
 0.000000 
 0.000000 
 0.000000 
 0.000000 
 0.000000 
 0.000000 
 0.000000 
 0.000000 
 0.000000 
 0.000000 
 0.000000 
 0.000000 
 0.000000 
 0.000000 
 0.000000 
 0.000000 
 0.000000 
 0.000000 
 0.000000 
 0.000000 
 0.000000 
 0.000000 
 0.000000 
 0.000000 
 0.000000 
 0.000000 
 0.000000 
 0.000000 
 0.000000 
 0.000000 
 0.000000 
 0.000000 
 0.000000 
 0.000000 
 0.000000 
 0.000000 
 0.000000 
 0.000000 
 0.000000 
 0.000000 
 0.000000 
 0.000000 
 0.000000 
 0.000000 
 0.000000 
 0.000000 
 0.000000 
 0.000000 
 0.000000 
 0.000000 
 0.000000 
 0.000000 
 0.000000 
 0.000000 
 0.000000 
 0.000000 
 0.000000 
 0.000000 
 0.000000 
 0.000000 
 0.000000 
 0.000000 
 0.000000 
 0.000000 
 0.000000 
 0.000000 
 0.000000 
 0.000000 
 0.000000 
 0.000000 
 0.000000 
 0.000000 
 0.000000 
 0.000000 
 0.000000 
 0.000000 
 0.000000 
 0.000000 
 0.000000 
 0.000000 
 0.000000 
 0.000000 
 0.000000 
 0.000000 
 0.000000 
 0.000000 
 0.000000 
 0.000000 
 0.000000 
 0.000000 
 0.000000 
 0.000000 
 0.000000 
 0.000000 
 0.000000 
 0.000000 
 0.000000 
 0.000000 
 0.000000 
 0.000000 
 0.000000 
 0.000000 
 0.000000 
 0.000000 
 0.000000 
 0.000000 
 0.000000 
 0.000000 
 0.000000 
 0.000000 
 0.000000 
 0.000000 
 0.000000 
 0.000000 
 0.000000 
 0.000000 
 0.000000 
 0.000000 
 0.000000 
 0.000000 
 0.000000 
 0.000000 
 0.000000 
 0.000000 
 0.000000 
 0.000000 
 0.000000 
 0.000000 
 0.000000 
 0.000000 
 0.000000 
 0.000000 
 0.000000 
 0.000000 
 0.000000 
 0.000000 
 0.000000 
 0.000000 
 0.000000 
 0.000000 
 0.000000 
 0.000000 
 0.000000 
 0.000000 
 0.000000 
 0.000000 
 0.000000 
 0.000000 
 0.000000 
 0.000000 
 0.000000 
 0.000000 
 0.000000 
 0.000000 
 0.000000 
 0.000000 
 0.000000 
 0.000000 
 0.000000 
 0.000000 
 0.000000 
 0.000000 
 0.000000 
 0.000000 
 0.000000 
 0.000000 
 0.000000 
 0.000000 
 0.000000 
 0.000000 
 0.000000 
 0.000000 
 0.000000 
 0.000000 
 0.000000 
 0.000000 
 0.000000 
 0.000000 
 0.000000 
 0.000000 
 0.000000 
 0.000000 
 0.000000 
 0.000000 
 0.000000 
 0.000000 
 0.000000 
 0.000000 
 0.000000 
 0.000000 
 0.000000 
 0.000000 
 0.000000 
 0.000000 
 0.000000 
 0.000000 
 0.000000 
 0.000000 
 0.000000 
 0.000000 
 0.000000 
 0.000000 
 0.000000 
 0.000000 
 0.000000 
 0.000000 
 0.000000 
 0.000000 
 0.000000 
 0.000000 
 0.000000 
 0.000000 
 0.000000 
 0.000000 
 0.000000 
 0.000000 
 0.000000 
 0.000000 
 0.000000 
 0.000000 
 0.000000 
 0.000000 
 0.000000 
 0.000000 
 0.000000 
 0.000000 
 0.000000 
 0.000000 
 0.000000 
 0.000000 
 0.000000 
 0.000000 
 0.000000 
 0.000000 
 0.000000 
 0.000000 
 0.000000 
 0.000000 
 0.000000 
 0.000000 
 0.000000 
 0.000000 
 0.000000 
 0.000000 
 0.000000 
 0.000000 
 0.000000 
 0.000000 
 0.000000 
 0.000000 
 0.000000 
 0.000000 
 0.000000 
 0.000000 
 0.000000 
 0.000000 
 0.000000 
 0.000000 
 0.000000 
 0.000000 
 0.000000 
 0.000000 
 0.000000 
 0.000000 
 0.000000 
 0.000000 
 0.000000 
 0.000000 
 0.000000 
 0.000000 
 0.000000 
 0.000000 
 0.000000 
 0.000000 
 0.000000 
 0.000000 
 0.000000 
 0.000000 
 0.000000 
 0.000000 
 0.000000 
 0.000000 
 0.000000 
 0.000000 
 0.000000 
 0.000000 
 0.000000 
 0.000000 
 0.000000 
 0.000000 
 0.000000 
 0.000000 
 0.000000 
 0.000000 
 0.000000 
 0.000000 
 0.000000 
 0.000000 
 0.000000 
 0.000000 
 0.000000 
 0.000000 
 0.000000 
 0.000000 
 0.000000 
 0.000000 
 0.000000 
 0.000000 
 0.000000 
 0.000000 
 0.000000 
 0.000000 
 0.000000 
 0.000000 
 0.000000 
 0.000000 
 0.000000 
 0.000000 
 0.000000 
 0.000000 
 0.000000 
 0.000000 
 0.000000 
 0.000000 
 0.000000 
 0.000000 
 0.000000 
 0.000000 
 0.000000 
 0.000000 
 0.000000 
 0.000000 
 0.000000 
 0.000000 
 0.000000 
 0.000000 
 0.000000 
 0.000000 
 0.000000 
 0.000000 
 0.000000 
 0.000000 
 0.000000 
 0.000000 
 0.000000 
 0.000000 
 0.000000 
 0.000000 
 0.000000 
 0.000000 
 0.000000 
 0.000000 
 0.000000 
 0.000000 
 0.000000 
 0.000000 
 0.000000 
 0.000000 
 0.000000 
 0.000000 
 0.000000 
 0.000000 
 0.000000 
 0.000000 
 0.000000 
 0.000000 
 0.000000 
 0.000000 
 0.000000 
 0.000000 
 0.000000 
 0.000000 
 0.000000 
 0.000000 
 0.000000 
 0.000000 
 0.000000 
 0.000000 
 0.000000 
 0.000000 
 0.000000 
 0.000000 
 0.000000 
 0.000000 
 0.000000 
 0.000000 
 0.000000 
 0.000000 
 0.000000 
 0.000000 
 0.000000 
 0.000000 
 0.000000 
 0.000000 
 0.000000 
 0.000000 
 0.000000 
 0.000000 
 0.000000 
 0.000000 
 0.000000 
 0.000000 
 0.000000 
 0.000000 
 0.000000 
 0.000000 
 0.000000 
 0.000000 
 0.000000 
 0.000000 
 0.000000 
 0.000000 
 0.000000 
 0.000000 
 0.000000 
 0.000000 
 0.000000 
 0.000000 
 0.000000 
 0.000000 
 0.000000 
 0.000000 
 0.000000 
 0.000000 
 0.000000 
 0.000000 
 0.000000 
 0.000000 
 0.000000 
 0.000000 
 0.000000 
 0.000000 
 0.000000 
 0.000000 
 0.000000 
 0.000000 
 0.000000 
 0.000000 
 0.000000 
 0.000000 
 0.000000 
 0.000000 
 0.000000 
 0.000000 
 0.000000 
 0.000000 
 0.000000 
 0.000000 
 0.000000 
 0.000000 
 0.000000 
 0.000000 
 0.000000 
 0.000000 
 0.000000 
 0.000000 
 0.000000 
 0.000000 
 0.000000 
 0.000000 
 0.000000 
 0.000000 
 0.000000 
 0.000000 
 0.000000 
 0.000000 
 0.000000 
 0.000000 
 0.000000 
 0.000000 
 0.000000 
 0.000000 
 0.000000 
 0.000000 
 0.000000 
 0.000000 
 0.000000 
 0.000000 
 0.000000 
 0.000000 
 0.000000 
 0.000000 
 0.000000 
 0.000000 
 0.000000 
 0.000000 
 0.000000 
 0.000000 
 0.000000 
 0.000000 
 0.000000 
 0.000000 
 0.000000 
 0.000000 
 0.000000 
 0.000000 
 0.000000 
 0.000000 
 0.000000 
 0.000000 
 0.000000 
 0.000000 
 0.000000 
 0.000000 
 0.000000 
 0.000000 
 0.000000 
 0.000000 
 0.000000 
 0.000000 
 0.000000 
 0.000000 
 0.000000 
 0.000000 
 0.000000 
 0.000000 
 0.000000 
 0.000000 
 0.000000 
 0.000000 
 0.000000 
 0.000000 
 0.000000 
 0.000000 
 0.000000 
 0.000000 
 0.000000 
 0.000000 
 0.000000 
 0.000000 
 0.000000 
 0.000000 
 0.000000 
 0.000000 
 0.000000 
 0.000000 
 0.000000 
 0.000000 
 0.000000 
 0.000000 
 0.000000 
 0.000000 
 0.000000 
 0.000000 
 0.000000 
 0.000000 
 0.000000 
 0.000000 
 0.000000 
 0.000000 
 0.000000 
 0.000000 
 0.000000 
 0.000000 
 0.000000 
 0.000000 
 0.000000 
 0.000000 
 0.000000 
 0.000000 
 0.000000 
 0.000000 
 0.000000 
 0.000000 
 0.000000 
 0.000000 
 0.000000 
 0.000000 
 0.000000 
 0.000000 
 0.000000 
 0.000000 
 0.000000 
 0.000000 
 0.000000 
 0.000000 
 0.000000 
 0.000000 
 0.000000 
 0.000000 
 0.000000 
 0.000000 
 0.000000 
 0.000000 
 0.000000 
 0.000000 
 0.000000 
 0.000000 
 0.000000 
 0.000000 
 0.000000 
 0.000000 
 0.000000 
 0.000000 
 0.000000 
 0.000000 
 0.000000 
 0.000000 
 0.000000 
 0.000000 
 0.000000 
 0.000000 
 0.000000 
 0.000000 
 0.000000 
 0.000000 
 0.000000 
 0.000000 
 0.000000 
 0.000000 
 0.000000 
 0.000000 
 0.000000 
 0.000000 
 0.000000 
 0.000000 
 0.000000 
 0.000000 
 0.000000 
 0.000000 
 0.000000 
 0.000000 
 0.000000 
 0.000000 
 0.000000 
 0.000000 
 0.000000 
 0.000000 
 0.000000 
 0.000000 
 0.000000 
 0.000000 
 0.000000 
 0.000000 
 0.000000 
 0.000000 
 0.000000 
 0.000000 
 0.000000 
 0.000000 
 0.000000 
 0.000000 
 0.000000 
 0.000000 
 0.000000 
 0.000000 
 0.000000 
 0.000000 
 0.000000 
 0.000000 
 0.000000 
 0.000000 
 0.000000 
 0.000000 
 0.000000 
 0.000000 
 0.000000 
 0.000000 
 0.000000 
 0.000000 
 0.000000 
 0.000000 
 0.000000 
 0.000000 
 0.000000 
 0.000000 
 0.000000 
 0.000000 
 0.000000 
 0.000000 
 0.000000 
 0.000000 
 0.000000 
 0.000000 
 0.000000 
 0.000000 
 0.000000 
 0.000000 
 0.000000 
 0.000000 
 0.000000 
 0.000000 
 0.000000 
 0.000000 
 0.000000 
 0.000000 
 0.000000 
 0.000000 
 0.000000 
 0.000000 
 0.000000 
 0.000000 
 0.000000 
 0.000000 
 0.000000 
 0.000000 
 0.000000 
 0.000000 
 0.000000 
 0.000000 
 0.000000 
 0.000000 
 0.000000 
 0.000000 
 0.000000 
 0.000000 
 0.000000 
 0.000000 
j_debug User(2)-completion request cnt=1055448	responce time = 5701.822639
j_debug User(2)-GC overhead time (Total) : 0.000000 
j_debug User(2)-GC overhead cnt (Total) : 0 
j_debug User(2)-GC issues cnt (Total) : 0 
j_debug User(2)-Avg throughput(
