 6.371094 
 7.421875 
 8.656250 
 5.437500 
 16.234375 
 13.128906 
 14.542969 
 22.207031 
 13.460938 
 19.085938 
 16.960938 
 22.179688 
 18.609375 
 20.800781 
 20.160156 
 17.089844 
 20.003906 
 17.386719 
 17.855469 
 22.824219 
 17.871094 
 20.902344 
 22.679688 
 23.054688 
 17.761719 
 16.675781 
 4.109375 
 4.089844 
 8.535156 
 6.386719 
 10.488281 
 8.140625 
 13.023438 
 8.707031 
 6.171875 
 10.089844 
 6.488281 
 11.898438 
 6.269531 
 16.539062 
 18.949219 
 39.894531 
 22.832031 
 69.203125 
 74.023438 
 67.375000 
 51.019531 
 54.675781 
 52.750000 
 44.796875 
 49.957031 
 42.753906 
 47.050781 
 45.238281 
 42.437500 
 54.125000 
 49.054688 
 58.261719 
 58.492188 
 50.023438 
 21.996094 
 23.839844 
 30.195312 
 11.910156 
 12.644531 
 15.863281 
 3.171875 
 13.761719 
 8.699219 
 16.917969 
 9.453125 
 16.332031 
 25.132812 
 24.761719 
 26.023438 
 23.753906 
 25.085938 
 26.093750 
 23.953125 
 22.914062 
 27.261719 
 23.625000 
 23.953125 
 28.074219 
 23.011719 
 26.085938 
 29.859375 
 20.578125 
 10.164062 
 18.902344 
 11.125000 
 10.988281 
 17.621094 
 12.292969 
 26.078125 
 29.718750 
 29.605469 
 25.812500 
 24.652344 
 28.222656 
 24.894531 
 25.636719 
 29.750000 
 25.742188 
 27.042969 
 30.789062 
 26.539062 
 26.390625 
 27.328125 
 25.859375 
 29.769531 
 42.175781 
 30.933594 
 25.187500 
 30.964844 
 25.222656 
 27.203125 
 24.894531 
 26.824219 
 22.726562 
 22.828125 
 27.195312 
 33.714844 
 25.156250 
 26.945312 
 27.812500 
 28.910156 
 27.703125 
 29.046875 
 29.101562 
 28.886719 
 27.855469 
 31.773438 
 29.996094 
 25.917969 
 32.292969 
 27.546875 
 27.320312 
 27.421875 
 32.781250 
 33.441406 
 26.992188 
 26.050781 
 28.640625 
 25.738281 
 27.542969 
 24.996094 
 30.691406 
 26.882812 
 24.277344 
 21.250000 
 21.523438 
 23.140625 
 21.808594 
 21.921875 
 19.035156 
 26.394531 
 23.269531 
 23.953125 
 20.394531 
 21.433594 
 22.351562 
 24.593750 
 25.812500 
 32.613281 
 27.410156 
 26.636719 
 24.687500 
 23.476562 
 21.421875 
 23.769531 
 25.781250 
 24.984375 
 22.125000 
 24.093750 
 26.488281 
 29.050781 
 30.023438 
 27.867188 
 27.242188 
 24.906250 
 26.515625 
 26.937500 
 25.859375 
 27.402344 
 27.679688 
 26.789062 
 26.582031 
 27.523438 
 28.671875 
 27.023438 
 26.164062 
 29.921875 
 18.910156 
 15.007812 
 20.378906 
 18.507812 
 19.253906 
 21.984375 
 18.953125 
 17.960938 
 16.121094 
 20.007812 
 16.734375 
 14.394531 
 18.007812 
 14.734375 
 14.785156 
 13.019531 
 15.421875 
 16.359375 
 19.937500 
 18.929688 
 17.636719 
 16.191406 
 19.570312 
 21.300781 
 17.234375 
 20.968750 
 27.843750 
 15.585938 
 15.015625 
 15.136719 
 16.902344 
 16.242188 
 17.445312 
 18.308594 
 19.707031 
 16.800781 
 15.261719 
 22.062500 
 15.847656 
 16.300781 
 18.800781 
 17.226562 
 16.367188 
 19.972656 
 14.035156 
 15.878906 
 16.460938 
 15.339844 
 18.535156 
 18.359375 
 21.843750 
 16.316406 
 15.210938 
 16.386719 
 13.671875 
 13.398438 
 8.300781 
 13.000000 
 12.195312 
 10.769531 
 9.917969 
 11.843750 
 12.808594 
 8.960938 
 12.125000 
 6.832031 
 22.277344 
 19.710938 
 21.957031 
 25.171875 
 24.328125 
 25.503906 
 25.281250 
 31.105469 
 35.523438 
 43.218750 
 35.789062 
 32.601562 
 21.382812 
 26.082031 
 16.875000 
 25.976562 
 21.089844 
 27.382812 
 30.687500 
 32.691406 
 24.746094 
 27.140625 
 27.558594 
 36.925781 
 40.960938 
 30.355469 
 29.476562 
 28.195312 
 24.425781 
 22.292969 
 21.875000 
 27.085938 
 17.621094 
 23.757812 
 18.308594 
 17.875000 
 22.242188 
 26.050781 
 33.000000 
 23.867188 
 19.937500 
 20.093750 
 18.972656 
 19.449219 
 23.273438 
 19.523438 
 22.093750 
 18.605469 
 29.644531 
 18.359375 
 16.332031 
 18.425781 
 15.761719 
 19.976562 
 14.660156 
 13.484375 
 15.476562 
 16.269531 
 18.046875 
 12.523438 
 17.183594 
 16.261719 
 8.976562 
 13.062500 
 11.343750 
 18.789062 
 14.218750 
 9.132812 
 22.960938 
 18.304688 
 17.277344 
 8.433594 
 17.917969 
 12.949219 
 21.437500 
 17.574219 
 19.210938 
 20.660156 
 26.691406 
 30.648438 
 30.125000 
 27.335938 
 31.160156 
 21.402344 
 21.648438 
 24.222656 
 26.695312 
 20.851562 
 25.441406 
 21.613281 
 24.816406 
 20.117188 
 19.898438 
 21.257812 
 23.203125 
 23.398438 
 22.847656 
 22.671875 
 28.203125 
 36.722656 
 41.222656 
 34.460938 
 36.976562 
 32.671875 
 24.421875 
 14.937500 
 20.859375 
 23.714844 
 22.242188 
 27.847656 
 30.894531 
 27.128906 
 24.648438 
 23.945312 
 25.832031 
 35.472656 
 29.167969 
 29.582031 
 27.117188 
 30.652344 
 29.656250 
 27.523438 
 23.199219 
 25.542969 
 30.878906 
 24.128906 
 23.734375 
 23.550781 
 19.093750 
 25.199219 
 22.605469 
 19.566406 
 20.941406 
 24.894531 
 24.562500 
 25.121094 
 23.125000 
 34.468750 
 25.585938 
 22.007812 
 19.320312 
 22.296875 
 26.253906 
 20.078125 
 19.675781 
 21.964844 
 27.664062 
 24.207031 
 22.351562 
 20.894531 
 29.410156 
 28.972656 
 27.230469 
 24.453125 
 27.675781 
 30.820312 
 17.980469 
 20.359375 
 24.113281 
 20.175781 
 25.078125 
 29.269531 
 24.652344 
 21.644531 
 22.863281 
 22.144531 
 20.843750 
 25.519531 
 24.453125 
 26.351562 
 22.812500 
 20.562500 
 26.894531 
 29.253906 
 24.554688 
 27.382812 
 25.722656 
 32.375000 
 26.878906 
 33.554688 
 28.433594 
 28.570312 
 30.273438 
 31.273438 
 34.406250 
 34.875000 
 36.050781 
 34.667969 
 35.750000 
 29.945312 
 29.671875 
 32.250000 
 38.042969 
 33.101562 
 27.699219 
 32.785156 
 28.253906 
 36.367188 
 26.007812 
 30.367188 
 33.695312 
 40.246094 
 40.238281 
 30.687500 
 35.882812 
 32.378906 
 32.894531 
 43.496094 
 43.476562 
 44.000000 
 41.570312 
 43.519531 
 32.453125 
 33.222656 
 39.187500 
 38.191406 
 37.695312 
 27.589844 
 40.242188 
 38.558594 
 35.625000 
 40.675781 
 37.429688 
 40.406250 
 36.628906 
 38.468750 
 40.000000 
 37.531250 
 44.031250 
 42.914062 
 37.113281 
 31.570312 
 32.554688 
 33.292969 
 37.382812 
 36.308594 
 37.386719 
 32.335938 
 41.542969 
 32.191406 
 35.578125 
 35.617188 
 40.085938 
 35.066406 
 33.761719 
 33.472656 
 37.710938 
 37.320312 
 28.503906 
 34.683594 
 34.230469 
 33.265625 
 34.421875 
 33.183594 
 38.359375 
 33.160156 
 35.949219 
 43.867188 
 54.707031 
 38.464844 
 40.281250 
 38.722656 
 42.003906 
 42.074219 
 44.964844 
 44.855469 
 43.648438 
 42.039062 
 44.035156 
 45.898438 
 34.468750 
 39.531250 
 30.097656 
 23.324219 
 23.699219 
 23.960938 
 20.109375 
 23.710938 
 20.808594 
 25.449219 
 26.937500 
 37.777344 
 38.605469 
 28.394531 
 35.964844 
 33.027344 
 39.804688 
 33.710938 
 32.910156 
 36.175781 
 33.210938 
 32.355469 
 29.718750 
 27.703125 
 35.464844 
 28.875000 
 28.347656 
 31.484375 
 31.011719 
 28.476562 
 30.554688 
 28.234375 
 23.179688 
 27.910156 
 31.546875 
 28.703125 
 32.207031 
 24.664062 
 24.863281 
 30.699219 
 32.335938 
 28.492188 
 32.898438 
 28.210938 
 31.234375 
 25.425781 
 24.843750 
 25.562500 
 23.050781 
 23.851562 
 20.980469 
 25.660156 
 21.898438 
 19.941406 
 17.402344 
 21.097656 
 18.800781 
 30.777344 
 23.910156 
 25.382812 
 19.863281 
 20.722656 
 27.429688 
 21.593750 
 23.164062 
 25.433594 
 30.523438 
 25.558594 
 25.191406 
 32.960938 
 27.238281 
 22.285156 
 28.695312 
 33.992188 
 33.398438 
 32.281250 
 28.742188 
 28.515625 
 26.425781 
 26.464844 
 25.277344 
 24.800781 
 31.714844 
 27.359375 
 22.550781 
 22.949219 
 24.285156 
 29.023438 
 28.164062 
 31.750000 
 29.910156 
 34.421875 
 37.445312 
 35.820312 
 28.195312 
 26.882812 
 31.585938 
 26.046875 
 29.457031 
 32.339844 
 31.308594 
 34.648438 
 26.929688 
 30.015625 
 29.785156 
 35.792969 
 36.269531 
 34.585938 
 35.472656 
 34.687500 
 26.386719 
 28.843750 
 27.324219 
 29.542969 
 31.437500 
 36.312500 
 30.519531 
 27.277344 
 28.527344 
 33.757812 
 27.433594 
 30.566406 
 29.265625 
 32.105469 
 27.425781 
 28.964844 
 28.464844 
 25.746094 
 27.894531 
 26.300781 
 29.929688 
 26.675781 
 32.839844 
 25.593750 
 27.363281 
 28.457031 
 37.410156 
 35.386719 
 22.582031 
 23.597656 
 29.464844 
 31.753906 
 24.035156 
 28.625000 
 26.960938 
 20.812500 
 25.847656 
 34.492188 
 30.730469 
 30.230469 
 35.679688 
 38.699219 
 30.894531 
 35.605469 
 28.863281 
 40.062500 
 34.843750 
 28.210938 
 34.722656 
 23.628906 
 28.410156 
 27.859375 
 38.281250 
 29.023438 
 19.527344 
 23.507812 
 33.652344 
 19.449219 
 29.285156 
 27.718750 
 36.046875 
 29.390625 
 26.566406 
 26.359375 
 27.625000 
 22.152344 
 22.531250 
 20.398438 
 25.199219 
 26.476562 
 22.117188 
 16.644531 
 21.648438 
 31.609375 
 19.972656 
 18.210938 
 18.171875 
 30.062500 
 23.589844 
 26.945312 
 25.636719 
 26.753906 
 30.085938 
 26.773438 
 30.265625 
 29.789062 
 31.808594 
 36.164062 
 35.375000 
 33.351562 
 28.035156 
 23.140625 
 23.437500 
 19.968750 
 21.363281 
 20.496094 
 22.750000 
 22.437500 
 20.855469 
 19.761719 
 19.867188 
 22.125000 
 21.960938 
 18.339844 
 21.332031 
 25.519531 
 24.320312 
 38.324219 
 30.859375 
 31.214844 
 33.292969 
 35.886719 
 31.308594 
 34.640625 
 33.839844 
 44.097656 
 38.582031 
 38.601562 
 34.316406 
 43.828125 
 40.023438 
 35.597656 
 34.250000 
 34.605469 
 40.074219 
 36.968750 
 40.726562 
 34.484375 
 35.324219 
 25.503906 
 23.738281 
 32.433594 
 33.996094 
 31.785156 
 33.101562 
 31.781250 
 31.527344 
 34.101562 
 24.195312 
 29.093750 
 23.621094 
 29.042969 
 25.640625 
 29.867188 
 37.195312 
 32.636719 
 26.523438 
 37.003906 
 31.187500 
 24.218750 
 20.246094 
 30.679688 
 27.734375 
 29.855469 
 31.519531 
 34.523438 
 30.074219 
 25.949219 
 22.113281 
 21.718750 
 28.976562 
 23.578125 
 24.859375 
 23.617188 
 25.984375 
 32.570312 
 27.371094 
 26.855469 
 31.066406 
 24.003906 
 33.566406 
 32.636719 
 39.042969 
 38.582031 
 24.589844 
 25.187500 
 25.316406 
 25.300781 
 21.750000 
 23.937500 
 24.800781 
 20.257812 
 24.792969 
 22.195312 
 27.250000 
 33.718750 
 27.824219 
 37.882812 
 36.015625 
 30.792969 
 28.601562 
 30.378906 
 37.437500 
 29.718750 
 29.281250 
 35.542969 
 28.167969 
 24.117188 
 30.902344 
 25.152344 
 27.066406 
 25.011719 
 24.296875 
 22.468750 
 24.792969 
 28.972656 
 21.992188 
 27.480469 
 36.628906 
 26.402344 
 28.867188 
 35.722656 
 34.121094 
 25.285156 
 29.265625 
 39.507812 
 28.484375 
 33.691406 
 25.632812 
 39.406250 
 31.464844 
 31.605469 
 32.527344 
 29.007812 
 36.914062 
 32.164062 
 34.843750 
 33.152344 
 33.269531 
 34.613281 
 34.300781 
 38.000000 
 37.664062 
 31.023438 
 27.113281 
 28.246094 
 28.042969 
 37.011719 
 31.628906 
 32.441406 
 29.675781 
 26.316406 
 30.683594 
 26.257812 
 34.062500 
 36.136719 
 33.878906 
 33.269531 
 34.859375 
 26.648438 
 39.671875 
 33.464844 
 28.699219 
 31.601562 
 38.300781 
 32.109375 
 28.492188 
 30.320312 
 38.046875 
 31.117188 
 32.714844 
 33.460938 
 24.000000 
 28.160156 
 24.300781 
 24.761719 
 27.093750 
 18.894531 
 27.640625 
 23.914062 
 30.714844 
 23.703125 
 25.828125 
 33.656250 
 25.390625 
 24.769531 
 33.132812 
 24.937500 
 29.777344 
 28.113281 
 25.371094 
 32.714844 
 26.007812 
 25.914062 
 26.421875 
 29.679688 
 28.320312 
 25.910156 
 24.988281 
 27.273438 
 19.917969 
 29.929688 
 22.605469 
 17.996094 
 26.082031 
 17.261719 
 17.902344 
 25.714844 
 20.378906 
 24.304688 
 22.820312 
 28.347656 
 20.453125 
 18.550781 
 24.175781 
 24.242188 
 27.449219 
 22.648438 
 25.480469 
 18.375000 
 17.757812 
 16.355469 
 25.722656 
 23.179688 
 30.000000 
 22.542969 
 16.667969 
 20.722656 
 15.500000 
 16.347656 
 19.761719 
 14.820312 
 15.761719 
 16.140625 
 17.882812 
 14.019531 
 15.984375 
 24.796875 
 16.691406 
 15.332031 
 21.238281 
 18.031250 
 19.917969 
 17.773438 
 23.304688 
 15.199219 
 21.863281 
 20.445312 
 13.808594 
 17.046875 
 15.714844 
 21.253906 
 19.390625 
 19.832031 
 16.203125 
 10.007812 
 17.597656 
 17.355469 
 11.054688 
 15.093750 
 15.953125 
 13.105469 
 17.511719 
 9.148438 
 6.070312 
 8.515625 
 7.457031 
 9.113281 
 7.171875 
 7.214844 
 11.703125 
 6.671875 
 8.046875 
 13.382812 
 9.382812 
 7.308594 
 8.296875 
 16.644531 
 13.136719 
 6.265625 
 5.449219 
 6.902344 
 6.183594 
 9.105469 
 10.941406 
 12.785156 
 11.093750 
 8.925781 
 8.500000 
 19.234375 
 14.035156 
 9.304688 
 10.351562 
 11.613281 
 13.460938 
 20.597656 
 16.140625 
 15.511719 
 10.367188 
 8.035156 
 11.000000 
 8.992188 
 9.175781 
 12.769531 
 10.218750 
 7.101562 
 11.250000 
 10.484375 
 8.007812 
 9.250000 
 7.917969 
 10.480469 
 13.648438 
 8.410156 
 6.445312 
 11.113281 
 9.316406 
 6.730469 
 4.519531 
 4.300781 
 4.101562 
 6.894531 
 7.296875 
 6.441406 
 11.207031 
 9.531250 
 5.753906 
 6.355469 
 5.031250 
 5.816406 
 5.765625 
 5.585938 
 6.179688 
 5.570312 
 4.500000 
 5.085938 
 5.093750 
 5.171875 
 5.453125 
 7.343750 
 6.917969 
 6.304688 
 6.148438 
 4.933594 
 7.519531 
 4.378906 
 3.644531 
 5.906250 
 4.128906 
 3.457031 
 2.089844 
 0.394531 
 0.902344 
 0.144531 
 0.261719 
 0.925781 
 0.132812 
 0.566406 
 0.410156 
 0.054688 
 0.699219 
 1.070312 
 0.644531 
No mems requests encountered (1)
j_debug User(1)-completion request cnt=5334945	responce time = 23.360451
j_debug User(1)-GC overhead time (Total) : 154178.250001 
j_debug User(1)-GC overhead cnt (Total) : 161706 
j_debug User(1)-GC issues cnt (Total) : 80188 
j_debug User(1)-Avg throughput(
